148 4.373930233277176e-06
524 4.4149826046874495e-06
459 4.373930233277176e-06
282 4.373930233277176e-06
232 4.373930233277176e-06
382 5.040151575021063e-06
133 4.507071274011557e-06
808 4.373930233277176e-06
96 4.373930233277176e-06
260 4.373930233277176e-06
108 4.373930233277176e-06
479 4.373930233277176e-06
774 4.373930233277176e-06
47 4.471329097182169e-06
512 4.373930233277176e-06
633 4.373930233277176e-06
460 4.373930233277176e-06
855 4.373930233277176e-06
711 4.799539234990032e-06
6 4.373930233277176e-06
3 4.49735099849139e-06
5 4.373930233277176e-06
276 4.373930233277176e-06
641 4.373930233277176e-06
63 4.8002480943748404e-06
291 5.864788516782081e-06
255 4.937429834026044e-06
457 7.343589221280368e-06
499 5.3637476951237e-06
33 4.373930233277176e-06
102 4.373930233277176e-06
662 4.373930233277176e-06
62 8.204859780610764e-06
794 4.373930233277176e-06
462 4.373930233277176e-06
826 4.865536194562156e-06
379 4.373930233277176e-06
807 4.373930233277176e-06
236 4.4297906972386794e-06
824 4.373930233277176e-06
575 4.373930233277176e-06
624 4.373930233277176e-06
23 4.373930233277176e-06
339 4.373930233277176e-06
66 4.373930233277176e-06
478 4.373930233277176e-06
595 4.373930233277176e-06
587 4.373930233277176e-06
205 4.373930233277176e-06
281 4.7966040333079e-06
218 4.418685985601623e-06
225 4.373930233277176e-06
101 4.373930233277176e-06
482 4.373930233277176e-06
628 4.796877709160429e-06
491 4.742255254758888e-06
134 4.373930233277176e-06
125 4.373930233277176e-06
42 4.688326285667394e-06
818 4.80363335090724e-06
162 4.422508999118796e-06
817 4.373930233277176e-06
70 4.880173334669638e-06
355 4.373930233277176e-06
561 4.560472208965464e-06
356 4.373930233277176e-06
93 4.373930233277176e-06
59 4.533640828900711e-06
787 4.373930233277176e-06
361 5.67090155980523e-06
472 4.4326681943933904e-06
200 4.373930233277176e-06
180 4.684213379293938e-06
446 4.4986240672934086e-06
298 4.373930233277176e-06
732 4.412344972916443e-06
405 4.373930233277176e-06
438 5.382477120362076e-06
536 7.143692916010281e-06
764 4.373930233277176e-06
667 4.373930233277176e-06
177 4.373930233277176e-06
359 4.470913131282587e-06
728 4.373930233277176e-06
109 4.463829054409736e-06
122 4.373930233277176e-06
145 5.4486207274236115e-06
104 5.047201711471966e-06
777 5.808244126822064e-06
654 4.444804844100991e-06
563 4.588035868826668e-06
173 4.373930233277176e-06
761 4.373930233277176e-06
564 4.373930233277176e-06
366 4.373930233277176e-06
507 5.242884266049964e-06
92 4.373930233277176e-06
609 4.418430876032118e-06
309 5.617190234744245e-06
683 4.412728481132477e-06
24 4.373930233277176e-06
560 4.373930233277176e-06
319 4.413857882183059e-06
596 4.410421230086309e-06
280 4.449273254186003e-06
520 4.373930233277176e-06
404 4.373930233277176e-06
242 4.373930233277176e-06
222 4.373930233277176e-06
469 4.373930233277176e-06
614 4.373930233277176e-06
810 4.373930233277176e-06
773 4.563505411822181e-06
151 4.531146617015694e-06
406 5.275906447830657e-06
142 7.540528305814244e-06
689 4.628964437196724e-06
311 5.109261701943952e-06
440 4.721956307322477e-06
32 6.667151406036469e-06
279 4.373930233277176e-06
204 4.373930233277176e-06
448 4.373930233277176e-06
237 4.597577271170922e-06
635 4.412923121171884e-06
819 4.373930233277176e-06
779 4.373930233277176e-06
718 4.373930233277176e-06
869 4.373930233277176e-06
488 4.373930233277176e-06
511 4.373930233277176e-06
515 4.373930233277176e-06
541 4.373930233277176e-06
314 8.28923645310636e-06
547 4.458722040408214e-06
132 4.446530344109086e-06
640 9.037786744594689e-06
252 4.465528021302645e-06
285 4.373930233277176e-06
603 4.935641593696578e-06
443 4.962099072650602e-06
233 4.373930233277176e-06
161 4.373930233277176e-06
763 4.420538868100076e-06
392 4.412923121171884e-06
793 4.373930233277176e-06
270 4.373930233277176e-06
99 4.448340131816503e-06
700 4.4174334925328415e-06
500 4.373930233277176e-06
268 4.373930233277176e-06
164 4.704865603752573e-06
661 4.622131541898643e-06
529 4.445677147003438e-06
827 4.4401944536616144e-06
758 4.373930233277176e-06
841 4.373930233277176e-06
530 4.373930233277176e-06
577 4.373930233277176e-06
729 4.373930233277176e-06
416 4.373930233277176e-06
744 4.5358590316177e-06
569 4.373930233277176e-06
409 4.373930233277176e-06
116 4.409886944458223e-06
590 4.373930233277176e-06
111 4.373930233277176e-06
821 4.373930233277176e-06
228 8.550351412625857e-06
523 4.493253109134264e-06
714 4.373930233277176e-06
83 4.373930233277176e-06
15 4.373930233277176e-06
106 4.373930233277176e-06
483 4.373930233277176e-06
447 4.373930233277176e-06
697 4.621991371160528e-06
466 4.442231628293408e-06
234 4.373930233277176e-06
135 4.805449293924684e-06
91 5.364093316208779e-06
631 4.373930233277176e-06
377 4.513406449835442e-06
532 4.373930233277176e-06
67 4.373930233277176e-06
671 4.373930233277176e-06
792 4.373930233277176e-06
768 4.573751616231881e-06
602 4.5358590316177e-06
724 4.373930233277176e-06
185 5.444142074771685e-06
669 4.373930233277176e-06
18 4.373930233277176e-06
421 4.899260578362136e-06
158 4.373930233277176e-06
809 4.373930233277176e-06
788 4.373930233277176e-06
780 4.547943270299825e-06
831 4.373930233277176e-06
739 4.588035868826668e-06
630 4.373930233277176e-06
709 8.46845331099458e-06
781 4.468078889343446e-06
310 4.373930233277176e-06
574 4.373930233277176e-06
412 4.373930233277176e-06
487 4.373930233277176e-06
250 4.625896690635637e-06
172 4.373930233277176e-06
159 4.373930233277176e-06
623 5.73746669743365e-06
49 4.373930233277176e-06
834 4.373930233277176e-06
121 4.655917805001633e-06
315 4.373930233277176e-06
703 4.444590072553043e-06
176 4.373930233277176e-06
474 4.373930233277176e-06
154 4.4315049171315855e-06
649 4.4326681943933904e-06
684 4.373930233277176e-06
504 4.539066194498742e-06
284 4.373930233277176e-06
648 4.4912771125615605e-06
840 4.373930233277176e-06
496 4.866199230808611e-06
220 4.529381879684079e-06
347 4.921699150830726e-06
240 4.373930233277176e-06
244 4.373930233277176e-06
160 4.373930233277176e-06
425 4.744361599855519e-06
746 4.373930233277176e-06
789 4.373930233277176e-06
27 4.373930233277176e-06
613 4.373930233277176e-06
264 4.373930233277176e-06
722 4.373930233277176e-06
516 4.6118664267571244e-06
107 4.4149826046874495e-06
480 4.373930233277176e-06
179 4.373930233277176e-06
190 5.1200771058330355e-06
243 4.373930233277176e-06
381 4.373930233277176e-06
65 4.67072294882497e-06
856 4.4651777410237005e-06
275 4.373930233277176e-06
9 4.373930233277176e-06
725 4.581592571893444e-06
195 4.373930233277176e-06
545 4.524474866572177e-06
299 4.373930233277176e-06
803 4.373930233277176e-06
193 4.373930233277176e-06
312 4.373930233277176e-06
805 4.373930233277176e-06
396 4.373930233277176e-06
769 4.526085458492249e-06
186 4.373930233277176e-06
571 4.471087512281491e-06
313 5.186998946107043e-06
510 4.373930233277176e-06
50 4.373930233277176e-06
238 4.373930233277176e-06
174 4.608497549455523e-06
71 4.373930233277176e-06
249 4.373930233277176e-06
837 4.976702462720736e-06
304 5.462872435853756e-06
519 4.722308382188544e-06
410 4.6129467618319854e-06
713 4.373930233277176e-06
272 4.621164200189524e-06
682 4.373930233277176e-06
568 4.373930233277176e-06
860 6.284622668066962e-06
201 6.441669294193633e-06
493 4.373930233277176e-06
97 7.271413277844847e-06
300 4.373930233277176e-06
168 4.849792469464652e-06
652 4.438733571811611e-06
36 6.4883477468905395e-06
688 4.373930233277176e-06
136 4.373930233277176e-06
782 4.373930233277176e-06
503 4.952528836967401e-06
374 4.518965089953347e-06
612 4.373930233277176e-06
105 4.770211954904086e-06
294 4.373930233277176e-06
375 4.5878545173233716e-06
124 4.53407552025438e-06
468 4.5025290128813e-06
665 4.373930233277176e-06
685 4.411179030339535e-06
783 4.373930233277176e-06
555 4.470606907613818e-06
581 4.630864327083605e-06
742 4.4651777410237005e-06
210 4.373930233277176e-06
395 4.488232914458721e-06
368 4.373930233277176e-06
851 5.334531094012793e-06
41 4.373930233277176e-06
431 4.991873981605059e-06
140 4.373930233277176e-06
721 4.373930233277176e-06
835 4.373930233277176e-06
246 5.359241781400805e-06
216 4.822613746860143e-06
391 4.373930233277176e-06
21 4.492037112998869e-06
422 4.373930233277176e-06
114 4.546152670529156e-06
790 4.373930233277176e-06
126 4.458858635917828e-06
757 4.676876365450389e-06
450 4.446530344109086e-06
386 5.9113009830156594e-06
265 5.263858346452898e-06
828 4.373930233277176e-06
341 4.373930233277176e-06
53 4.373930233277176e-06
747 4.586490724074745e-06
494 4.373930233277176e-06
786 4.373930233277176e-06
615 4.373930233277176e-06
666 4.373930233277176e-06
378 4.57847187328626e-06
533 4.661803652549222e-06
576 4.452916704375128e-06
336 4.373930233277176e-06
750 4.51909092575678e-06
527 4.373930233277176e-06
867 4.373930233277176e-06
663 4.373930233277176e-06
209 9.934581018598686e-06
559 4.488232914458721e-06
118 5.015600918170616e-06
295 4.373930233277176e-06
77 4.373930233277176e-06
485 4.6548669436510974e-06
181 4.373930233277176e-06
72 4.373930233277176e-06
865 4.4544023198001096e-06
736 4.373930233277176e-06
437 4.373930233277176e-06
414 4.373930233277176e-06
34 4.373930233277176e-06
256 4.373930233277176e-06
552 4.568584953280835e-06
627 4.373930233277176e-06
632 4.373930233277176e-06
579 4.373930233277176e-06
283 4.373930233277176e-06
328 4.641793670239317e-06
679 4.373930233277176e-06
55 4.409886944458223e-06
489 4.373930233277176e-06
785 4.828986837804971e-06
755 4.373930233277176e-06
749 4.466802958028094e-06
402 4.679499608692943e-06
621 4.373930233277176e-06
335 4.373930233277176e-06
144 4.373930233277176e-06
191 4.373930233277176e-06
681 4.7783625568264636e-06
857 4.709945563158058e-06
12 4.373930233277176e-06
139 4.411845268986179e-06
120 4.373930233277176e-06
868 4.373930233277176e-06
248 4.600899371059548e-06
456 4.373930233277176e-06
367 4.412344972916443e-06
723 4.373930233277176e-06
223 4.373930233277176e-06
258 4.373930233277176e-06
48 4.373930233277176e-06
813 4.5025290128813e-06
346 4.373930233277176e-06
548 4.373930233277176e-06
427 4.373930233277176e-06
64 5.055841565867501e-06
765 4.373930233277176e-06
354 4.373930233277176e-06
94 4.373930233277176e-06
797 4.373930233277176e-06
245 4.373930233277176e-06
45 4.373930233277176e-06
702 4.373930233277176e-06
616 4.373930233277176e-06
198 4.373930233277176e-06
508 4.373930233277176e-06
43 4.373930233277176e-06
350 4.373930233277176e-06
28 4.373930233277176e-06
267 4.373930233277176e-06
331 4.373930233277176e-06
26 4.373930233277176e-06
187 4.373930233277176e-06
82 4.871595349173377e-06
502 4.373930233277176e-06
801 4.373930233277176e-06
762 4.663173333106795e-06
388 4.373930233277176e-06
776 4.373930233277176e-06
608 4.433744466076601e-06
418 4.512566183225556e-06
759 4.373930233277176e-06
287 4.373930233277176e-06
128 4.373930233277176e-06
157 4.373930233277176e-06
651 4.373930233277176e-06
398 4.42415732549481e-06
584 4.476651585528437e-06
263 4.373930233277176e-06
369 4.373930233277176e-06
715 4.522216781693784e-06
526 4.373930233277176e-06
539 4.373930233277176e-06
301 4.373930233277176e-06
100 4.373930233277176e-06
306 5.03647281548284e-06
461 4.373930233277176e-06
39 4.373930233277176e-06
150 4.373930233277176e-06
656 4.373930233277176e-06
451 4.373930233277176e-06
214 4.373930233277176e-06
733 4.373930233277176e-06
89 4.373930233277176e-06
849 4.373930233277176e-06
112 4.373930233277176e-06
337 4.7212610123990716e-06
586 4.373930233277176e-06
458 4.373930233277176e-06
20 4.373930233277176e-06
535 4.373930233277176e-06
558 4.373930233277176e-06
677 4.373930233277176e-06
217 4.373930233277176e-06
69 4.373930233277176e-06
657 4.373930233277176e-06
726 4.437639924427547e-06
578 5.819107125486023e-06
345 4.373930233277176e-06
465 4.373930233277176e-06
606 4.373930233277176e-06
408 4.887071156596893e-06
178 4.525494458122284e-06
357 4.792251875788189e-06
169 4.373930233277176e-06
342 4.477609054059785e-06
372 4.373930233277176e-06
197 6.745319731383624e-06
46 4.373930233277176e-06
271 4.569805027543994e-06
88 4.373930233277176e-06
373 4.373930233277176e-06
734 4.373930233277176e-06
751 4.373930233277176e-06
775 4.373930233277176e-06
419 4.373930233277176e-06
184 4.373930233277176e-06
221 4.373930233277176e-06
445 4.373930233277176e-06
839 4.437639924427547e-06
115 4.373930233277176e-06
147 4.582449126445454e-06
829 4.373930233277176e-06
349 4.373930233277176e-06
673 4.373930233277176e-06
830 4.373930233277176e-06
399 4.494747575044201e-06
719 4.840379167646807e-06
846 4.373930233277176e-06
546 5.189125647506987e-06
463 4.9715537073162074e-06
740 4.456325098863875e-06
203 4.435201957947225e-06
397 4.607107702887531e-06
417 4.373930233277176e-06
680 4.783791522069115e-06
167 4.373930233277176e-06
710 4.373930233277176e-06
490 4.373930233277176e-06
847 6.077284841802998e-06
862 4.5376169551881186e-06
433 4.485526829746234e-06
811 4.373930233277176e-06
832 4.6487235973535854e-06
771 5.85123493433454e-06
61 5.284457783294715e-06
650 4.539304325199416e-06
10 4.57847187328626e-06
752 4.373930233277176e-06
330 4.4297906972386794e-06
704 4.373930233277176e-06
645 4.373930233277176e-06
35 4.373930233277176e-06
13 4.373930233277176e-06
610 4.373930233277176e-06
639 4.373930233277176e-06
22 4.373930233277176e-06
333 4.4401944536616144e-06
730 4.619458826586641e-06
506 4.677456873370012e-06
636 4.373930233277176e-06
589 4.478494120994823e-06
802 4.578516432619397e-06
81 4.373930233277176e-06
646 5.41532919118495e-06
423 4.373930233277176e-06
288 4.4164033607107564e-06
119 7.734017294604462e-06
816 4.542488150533101e-06
360 4.513754968281922e-06
87 4.633804745574503e-06
618 4.63301631062201e-06
756 5.637192918541726e-06
327 4.373930233277176e-06
861 4.373930233277176e-06
597 5.6907792404698524e-06
352 4.373930233277176e-06
473 4.495659646521554e-06
556 4.520337824037483e-06
8 7.001532352216762e-06
475 4.373930233277176e-06
436 4.373930233277176e-06
353 5.956076910883551e-06
705 4.373930233277176e-06
573 4.373930233277176e-06
85 5.759828659693424e-06
84 4.373930233277176e-06
619 4.373930233277176e-06
79 4.373930233277176e-06
37 4.373930233277176e-06
486 4.373930233277176e-06
591 4.373930233277176e-06
798 4.373930233277176e-06
393 4.373930233277176e-06
38 4.373930233277176e-06
278 4.373930233277176e-06
605 4.373930233277176e-06
720 4.373930233277176e-06
428 4.373930233277176e-06
812 4.373930233277176e-06
528 4.373930233277176e-06
484 4.373930233277176e-06
302 4.373930233277176e-06
582 4.373930233277176e-06
213 4.373930233277176e-06
567 4.373930233277176e-06
850 4.373930233277176e-06
686 4.373930233277176e-06
329 4.5227910435023066e-06
7 4.373930233277176e-06
348 4.685126975149443e-06
208 4.373930233277176e-06
694 4.555890397834048e-06
211 4.506844644857387e-06
492 4.373930233277176e-06
370 4.373930233277176e-06
870 4.980665983331838e-06
19 4.373930233277176e-06
156 4.373930233277176e-06
254 4.373930233277176e-06
452 4.373930233277176e-06
363 4.373930233277176e-06
0 5.657996628883464e-06
653 5.347516998650655e-06
664 4.373930233277176e-06
380 4.373930233277176e-06
731 4.373930233277176e-06
562 6.9647910067255485e-06
674 4.373930233277176e-06
95 4.373930233277176e-06
470 4.736396968653019e-06
340 4.373930233277176e-06
60 4.373930233277176e-06
235 4.832677654297846e-06
583 4.4493590908313406e-06
659 4.373930233277176e-06
866 4.373930233277176e-06
199 4.4107671163119876e-06
364 4.373930233277176e-06
525 4.840285172497896e-06
770 4.373930233277176e-06
75 4.373930233277176e-06
550 4.373930233277176e-06
501 4.373930233277176e-06
593 4.609463030863399e-06
784 4.373930233277176e-06
274 4.999827879772188e-06
531 4.373930233277176e-06
642 4.373930233277176e-06
73 6.978668329668744e-06
557 4.373930233277176e-06
538 4.494199630342484e-06
554 4.418393431263546e-06
146 5.028742509475989e-06
670 4.4726037492505575e-06
660 4.373930233277176e-06
580 4.373930233277176e-06
815 4.373930233277176e-06
449 4.413926368716347e-06
297 4.419790973970471e-06
833 4.373930233277176e-06
14 4.373930233277176e-06
175 4.373930233277176e-06
760 4.373930233277176e-06
634 4.743801348939788e-06
206 4.373930233277176e-06
534 4.373930233277176e-06
600 4.373930233277176e-06
594 4.709315018413063e-06
778 4.373930233277176e-06
643 4.373930233277176e-06
51 4.373930233277176e-06
407 4.593533542702274e-06
207 4.450535882648016e-06
453 4.646994383987962e-06
795 6.7449807391189585e-06
123 4.373930233277176e-06
57 4.4248638528836505e-06
843 4.4124719637912835e-06
103 4.373930233277176e-06
622 4.373930233277176e-06
799 4.520337824037483e-06
1 4.373930233277176e-06
477 4.373930233277176e-06
52 4.886391171550243e-06
171 4.373930233277176e-06
521 4.373930233277176e-06
800 4.541404042116995e-06
131 4.373930233277176e-06
170 4.373930233277176e-06
644 4.373930233277176e-06
638 4.373930233277176e-06
518 5.255441315787987e-06
540 4.676839856542797e-06
385 4.373930233277176e-06
344 4.470910836196657e-06
401 4.373930233277176e-06
296 4.373930233277176e-06
637 4.4174334925328415e-06
212 4.373930233277176e-06
90 4.373930233277176e-06
675 4.611423296434026e-06
326 4.476392989179014e-06
604 5.838187043478402e-06
854 1.3131131717396037e-05
292 5.827190831264026e-06
415 5.369974199455393e-06
44 6.3739729535326125e-06
611 4.373930233277176e-06
141 4.373930233277176e-06
766 9.485589517750086e-06
617 4.373930233277176e-06
748 4.573804044133982e-06
570 4.373930233277176e-06
695 4.4297906972386794e-06
305 4.373930233277176e-06
442 4.76544316975267e-06
224 4.373930233277176e-06
387 4.373930233277176e-06
153 5.748062525845629e-06
585 6.055750086297677e-06
517 4.373930233277176e-06
74 5.748432750979924e-06
509 4.373930233277176e-06
253 4.373930233277176e-06
230 4.414202680532851e-06
365 4.485498400554856e-06
390 4.457789751521165e-06
384 4.979988956205445e-06
58 4.373930233277176e-06
698 4.675534681910711e-06
542 4.613535257463548e-06
741 4.93389650944967e-06
565 4.530425179324395e-06
497 5.009114986468005e-06
196 4.373930233277176e-06
362 4.373930233277176e-06
403 4.7728197101319245e-06
80 4.447435901770454e-06
727 4.373930233277176e-06
202 4.578668733276017e-06
863 4.654410992366452e-06
117 4.503477792732656e-06
261 6.474558669575959e-06
188 5.195651663298063e-06
601 6.484286197759313e-06
383 5.317647570271733e-06
138 5.757410506887456e-06
717 4.373930233277176e-06
269 4.373930233277176e-06
690 4.8753590425391215e-06
745 4.62047442255186e-06
259 4.373930233277176e-06
54 5.940737881511e-06
320 4.373930233277176e-06
804 4.373930233277176e-06
76 4.373930233277176e-06
229 4.373930233277176e-06
852 4.459298034050224e-06
435 4.718156681080314e-06
163 4.373930233277176e-06
31 4.373930233277176e-06
455 5.80676384304903e-06
549 4.787896178709342e-06
838 4.439926864188111e-06
251 4.458858635917828e-06
823 4.373930233277176e-06
707 5.942690095971824e-06
17 5.664328685721253e-06
420 4.373930233277176e-06
394 4.999234925114819e-06
625 5.3664793018117044e-06
166 4.5358590316177015e-06
247 4.373930233277176e-06
231 4.94375180947266e-06
324 4.373930233277176e-06
277 4.373930233277176e-06
86 4.373930233277176e-06
806 4.373930233277176e-06
78 4.373930233277176e-06
647 4.533795143619563e-06
303 4.61483626188583e-06
791 4.373930233277176e-06
307 5.210468036843612e-06
629 5.815492430688075e-06
192 4.428478047194792e-06
692 4.373930233277176e-06
113 4.373930233277176e-06
543 4.373930233277176e-06
753 4.373930233277176e-06
454 4.373930233277176e-06
165 4.373930233277176e-06
266 4.373930233277176e-06
658 4.373930233277176e-06
2 4.4315049171315855e-06
322 4.373930233277176e-06
505 4.373930233277176e-06
498 4.373930233277176e-06
706 4.373930233277176e-06
772 4.373930233277176e-06
343 4.706929178781933e-06
844 6.491877500551718e-06
430 5.691742221137553e-06
551 5.564509040108284e-06
411 4.373930233277176e-06
566 4.744801801723517e-06
130 4.373930233277176e-06
825 9.134445149391846e-06
149 5.503501670847023e-06
262 4.373930233277176e-06
701 1.31191624376267e-05
194 6.493725411553179e-06
848 4.373930233277176e-06
599 4.373930233277176e-06
215 5.3877453185396036e-06
323 5.042287648001228e-06
325 5.325780980626121e-06
317 5.9538074602715215e-06
853 4.373930233277176e-06
444 1.1125585344564498e-05
30 4.373930233277176e-06
796 4.373930233277176e-06
219 4.452004014462886e-06
152 4.373930233277176e-06
426 4.373930233277176e-06
743 4.373930233277176e-06
4 4.7346867163434145e-06
495 4.525494458122284e-06
439 4.94375180947266e-06
678 4.373930233277176e-06
735 4.373930233277176e-06
290 4.4651777410237005e-06
332 4.373930233277176e-06
289 4.373930233277176e-06
257 4.373930233277176e-06
183 4.373930233277176e-06
708 4.373930233277176e-06
358 4.373930233277176e-06
129 4.373930233277176e-06
655 4.5025290128813e-06
712 4.373930233277176e-06
513 4.373930233277176e-06
598 4.590647289564659e-06
814 4.373930233277176e-06
592 4.373930233277176e-06
351 4.6976287103028785e-06
182 4.373930233277176e-06
696 4.672942509737498e-06
29 4.373930233277176e-06
441 4.373930233277176e-06
481 4.373930233277176e-06
691 4.373930233277176e-06
588 4.373930233277176e-06
226 4.373930233277176e-06
522 4.373930233277176e-06
699 4.373930233277176e-06
464 4.373930233277176e-06
737 4.373930233277176e-06
514 4.373930233277176e-06
40 4.373930233277176e-06
544 4.373930233277176e-06
738 4.6976287103028785e-06
687 4.373930233277176e-06
620 4.584117063801402e-06
476 4.373930233277176e-06
716 4.373930233277176e-06
137 4.538342682536184e-06
241 4.373930233277176e-06
553 4.676758115888021e-06
334 4.483139427333693e-06
11 4.876462065388834e-06
864 4.373930233277176e-06
413 4.373930233277176e-06
424 5.095725423011757e-06
189 5.0169678721883275e-06
434 4.373930233277176e-06
858 4.373930233277176e-06
143 4.373930233277176e-06
25 4.373930233277176e-06
537 4.596340115710472e-06
273 4.373930233277176e-06
127 4.644816412951871e-06
693 4.871026945538089e-06
400 4.511820238712671e-06
754 4.373930233277176e-06
432 4.373930233277176e-06
467 4.373930233277176e-06
842 4.4975015480425175e-06
338 4.373930233277176e-06
626 5.301370890128067e-06
668 4.373930233277176e-06
16 4.547631465602573e-06
376 4.373930233277176e-06
308 4.410421230086309e-06
98 4.373930233277176e-06
822 4.373930233277176e-06
316 4.373930233277176e-06
429 4.373930233277176e-06
293 4.373930233277176e-06
227 4.373930233277176e-06
56 4.373930233277176e-06
318 4.373930233277176e-06
845 4.373930233277176e-06
286 4.373930233277176e-06
859 4.775960353295039e-06
155 4.373930233277176e-06
389 4.608746147867971e-06
471 4.707031039923809e-06
371 4.373930233277176e-06
572 7.83677562539221e-06
767 4.373930233277176e-06
676 4.486576353861886e-06
836 4.490437054825376e-06
321 4.373930233277176e-06
672 4.373930233277176e-06
607 4.799539234990032e-06
239 4.373930233277176e-06
110 4.373930233277176e-06
820 4.373930233277176e-06
68 4.477609054059785e-06
